-59.323943662 -23.9351851852 -55.0647887324 -23.9351851852 
23.0197183099 25.0666666667 23.0197183099 42.3 
-66.8281690141 22.8037037037 -40.1577464789 22.8037037037 
-70.8845070423 -24.6314814815 -66.4225352113 -24.6314814815 
-32.0450704225 36.9037037037 -30.3211267606 36.9037037037 
-51.9211267606 23.5 -39.4478873239 23.5 
49.9943661972 22.5425925926 53.9492957746 22.5425925926 
-46.1408450704 -24.6314814815 -42.185915493 -24.6314814815 
-43.0985915493 -23.8481481481 -39.6507042254 -23.8481481481 
-23.0197183099 34.6407407407 -23.0197183099 36.8166666667 
69.8704225352 -24.1962962963 70.985915493 -24.1962962963 
54.3549295775 -24.3703703704 63.9887323944 -24.3703703704 
23.7295774648 25.3277777778 23.7295774648 31.5944444444 
-37.5211267606 36.8166666667 -34.6816901408 36.8166666667 
-33.261971831 -23.7611111111 -28.8 -23.7611111111 
70.1746478873 11.3148148148 70.1746478873 10.2703703704 
-22.1070422535 44.1277777778 -22.1070422535 45.1722222222 
-24.4394366197 45.5203703704 -22.9183098592 45.5203703704 
-70.985915493 14.4481481481 -70.985915493 15.4055555556 
48.4732394366 -24.4574074074 53.0366197183 -24.4574074074 
-39.4478873239 -24.5444444444 -34.7830985915 -24.5444444444 
-50.4 46.2166666667 -41.9830985915 46.2166666667 
24.8450704225 -34.3796296296 24.8450704225 -37.512962963 
61.3521126761 -25.1537037037 65.1042253521 -25.1537037037 
70.7830985915 -24.8925925926 71.4929577465 -24.8925925926 
-35.4929577465 45.4333333333 -31.1323943662 45.4333333333 
42.4901408451 -25.2407407407 52.123943662 -25.2407407407 
-71.3915492958 -46.912962963 -71.3915492958 -35.7722222222 
24.1352112676 -36.4685185185 24.1352112676 -40.9944444444 
-42.6929577465 45.5203703704 -41.476056338 45.5203703704 
-46.8507042254 36.5555555556 -44.214084507 36.5555555556 
49.9943661972 23.2388888889 54.4563380282 23.2388888889 
-71.5943661972 1.39259259259 -71.5943661972 2.95925925926 
37.8253521127 -25.0666666667 40.2591549296 -25.0666666667 
-51.1098591549 37.1648148148 -47.7633802817 37.1648148148 
-66.3211267606 -24.7185185185 -64.4957746479 -24.7185185185 
-47.661971831 37.2518518519 -42.6929577465 37.3388888889 
31.2338028169 23.3259259259 38.738028169 23.3259259259 
-23.4253521127 -27.8518518519 -23.4253521127 -25.5888888889 
71.5943661972 -12.7074074074 71.5943661972 -13.3166666667 
23.7295774648 38.3833333333 23.7295774648 36.3814814815 
-65.7126760563 45.2592592593 -62.6704225352 45.2592592593 
-24.338028169 -43.0833333333 -24.338028169 -33.9444444444 
-70.0732394366 30.8981481481 -70.0732394366 32.1166666667 
-62.4676056338 23.5 -58.9183098592 23.5 
35.2901408451 22.6296296296 38.8394366197 22.6296296296 
-60.5408450704 37.1648148148 -58.5126760563 37.1648148148 
-69.4647887324 38.5574074074 -69.4647887324 39.6888888889 
-23.6281690141 -44.65 -23.6281690141 -37.1648148148 
28.4957746479 22.7166666667 31.4366197183 22.7166666667 
-56.6873239437 -24.7185185185 -52.7323943662 -24.7185185185 
-55.9774647887 36.5555555556 -53.138028169 36.5555555556 
66.1183098592 22.5425925926 69.4647887324 22.5425925926 
-49.385915493 45.5203703704 -46.5464788732 45.5203703704 
-67.6394366197 23.587037037 -66.3211267606 23.587037037 
-34.3774647887 46.1296296296 -32.7549295775 46.1296296296 
-22.3098591549 34.8148148148 -22.3098591549 36.9037037037 
23.6281690141 41.3425925926 23.6281690141 47.0 
-53.2394366197 -24.0222222222 -49.5887323944 -24.0222222222 
-66.6253521127 -23.9351851852 -64.1915492958 -23.9351851852 
71.0873239437 -3.0462962963 71.0873239437 -3.91666666667 
-23.5267605634 -37.0777777778 -23.5267605634 -28.3740740741 
24.9464788732 -46.912962963 24.9464788732 -37.6 
54.5577464789 23.1518518519 60.8450704225 23.1518518519 
-57.4985915493 45.9555555556 -56.9915492958 45.9555555556 
-31.0309859155 22.9777777778 -23.6281690141 22.9777777778 
70.7830985915 2.17592592593 70.7830985915 0.435185185185 
-24.2366197183 -33.8574074074 -24.2366197183 -30.7240740741 
44.6197183099 -24.5444444444 46.7492957746 -24.5444444444 
-23.1211267606 31.1592592593 -23.1211267606 33.8574074074 
46.2422535211 23.412962963 47.1549295775 23.412962963 
54.0507042254 22.4555555556 60.7436619718 22.4555555556 
-40.0563380282 22.8907407407 -33.261971831 22.8907407407 
-67.8422535211 36.2944444444 -67.0309859155 36.2944444444 
71.6957746479 -21.7592592593 71.6957746479 -23.8481481481 
-31.0309859155 23.6740740741 -24.4394366197 23.6740740741 
-62.1633802817 36.3814814815 -60.6422535211 36.3814814815 
-59.4253521127 45.9555555556 -58.3098591549 45.9555555556 
-71.0873239437 9.74814814815 -71.0873239437 11.4018518519 
30.3211267606 -24.2833333333 33.5661971831 -24.2833333333 
44.923943662 23.3259259259 45.5323943662 23.3259259259 
-66.523943662 36.9037037037 -64.1915492958 36.9037037037 
-23.2225352113 23.9351851852 -23.2225352113 27.5907407407 
-22.9183098592 37.7740740741 -22.9183098592 42.9092592593 
-34.3774647887 -24.5444444444 -33.6676056338 -24.5444444444 
52.2253521127 -25.1537037037 56.3830985915 -25.1537037037 
24.7436619718 -30.2888888889 24.7436619718 -24.9796296296 
-22.2084507042 37.4259259259 -22.2084507042 44.0407407407 
-51.7183098592 36.4685185185 -46.9521126761 36.4685185185 
28.1915492958 -24.9796296296 37.723943662 -24.9796296296 
-70.985915493 15.4925925926 -70.985915493 16.45 
-71.2901408451 -34.1185185185 -71.2901408451 -30.8111111111 
-52.9352112676 45.4333333333 -51.2112676056 45.4333333333 
69.5661971831 20.8888888889 69.5661971831 19.9314814815 
-29.9154929577 -24.5444444444 -27.076056338 -24.5444444444 
24.2366197183 -46.912962963 24.2366197183 -41.0814814815 
-57.4985915493 45.3462962963 -54.6591549296 45.3462962963 
-52.6309859155 -24.7185185185 -47.5605633803 -24.7185185185 
-25.3521126761 37.512962963 -23.323943662 37.512962963 
71.4929577465 -12.1851851852 71.4929577465 -12.6203703704 
38.8394366197 23.412962963 44.8225352113 23.412962963 
-69.6676056338 36.1203703704 -69.6676056338 36.9037037037 
-71.0873239437 11.75 -71.0873239437 12.8814814815 
-24.2366197183 -24.8055555556 -24.2366197183 -29.5925925926 
-62.5690140845 -23.9351851852 -60.5408450704 -23.9351851852 
-58.2084507042 37.2518518519 -53.8478873239 37.2518518519 
70.5802816901 6.09259259259 70.5802816901 4.7 
-22.5126760563 27.9388888889 -22.5126760563 25.0666666667 
70.0732394366 15.7537037037 70.0732394366 14.9703703704 
-71.1887323944 9.66111111111 -71.1887323944 7.48518518519 
-69.1605633803 44.1277777778 -69.1605633803 45.0851851852 
-56.2816901408 -9.48703703704 -55.4704225352 -9.48703703704 
-37.9267605634 46.1296296296 -37.014084507 46.1296296296 
70.5802816901 4.61296296296 70.5802816901 4.17777777778 
38.9408450704 22.7166666667 43.6056338028 22.7166666667 
-58.4112676056 23.5 -54.9633802817 23.5 
-35.6957746479 37.6 -25.4535211268 37.6 
24.0338028169 -32.3777777778 24.0338028169 -28.112962963 
-39.3464788732 23.587037037 -32.3492957746 23.587037037 
-39.6507042254 37.512962963 -36.1014084507 37.512962963 
69.9718309859 14.8833333333 69.9718309859 14.3611111111 
-58.9183098592 -13.4907407407 -58.9183098592 -11.0537037037 
-56.8901408451 46.0425925926 -55.6732394366 46.0425925926 
-57.0929577465 -9.74814814815 -55.2676056338 -9.74814814815 
-30.4225352113 46.2166666667 -29.2056338028 46.2166666667 
-14.6028169014 37.687037037 -13.1830985915 37.687037037 
71.2901408451 -11.3148148148 71.2901408451 -11.837037037 
-22.4112676056 28.9833333333 -22.4112676056 34.7277777778 
71.2901408451 -8.35555555556 71.2901408451 -9.22592592593 
-54.9633802817 -13.9259259259 -54.9633802817 -10.3574074074 
67.8422535211 -24.3703703704 69.1605633803 -24.3703703704 
-54.7605633803 -6.78888888889 -54.2535211268 -6.3537037037 
71.1887323944 -5.30925925926 71.1887323944 -6.3537037037 
-51.3126760563 46.2166666667 -50.8056338028 46.2166666667 
23.7295774648 33.5092592593 23.7295774648 32.2037037037 
70.3774647887 8.09444444444 70.3774647887 7.22407407407 
32.7549295775 22.6296296296 34.5802816901 22.6296296296 
71.3915492958 -8.26851851852 71.3915492958 -7.83333333333 
-66.9295774648 36.2074074074 -63.6845070423 36.2074074074 
-40.2591549296 46.1296296296 -39.2450704225 46.1296296296 
33.6676056338 -24.1962962963 35.1887323944 -24.1962962963 
-26.4676056338 36.8166666667 -23.6281690141 36.8166666667 
-65.7126760563 45.9555555556 -59.8309859155 45.9555555556 
-15.1098591549 36.7296296296 -15.1098591549 37.4259259259 
-52.9352112676 46.1296296296 -51.414084507 46.1296296296 
-69.3633802817 40.2981481481 -69.261971831 42.387037037 
23.0197183099 44.0407407407 23.0197183099 43.0833333333 
41.8816901408 -24.4574074074 43.7070422535 -24.4574074074 
-69.8704225352 34.1185185185 -69.8704225352 35.4240740741 
-71.0873239437 2.52407407407 -71.0873239437 4.0037037037 
71.5943661972 -16.6240740741 71.6957746479 -18.3648148148 
-30.1183098592 36.9037037037 -27.5830985915 36.9037037037 
23.7295774648 39.6888888889 23.7295774648 41.2555555556 
63.785915493 23.2388888889 65.2056338028 23.2388888889 
-67.538028169 36.9907407407 -66.6253521127 36.9907407407 
-69.9718309859 32.5518518519 -69.9718309859 33.7703703704 
23.9323943662 -27.1555555556 23.9323943662 -25.85 
-36.1014084507 -23.7611111111 -33.5661971831 -23.7611111111 
-39.1436619718 46.2166666667 -38.0281690141 46.2166666667 
-55.9774647887 -7.92037037037 -55.4704225352 -7.48518518519 
24.5408450704 23.6740740741 26.4676056338 23.587037037 
-12.7774647887 37.512962963 -11.1549295775 37.512962963 
47.661971831 22.6296296296 49.8929577465 22.6296296296 
-58.8169014085 -13.8388888889 -55.876056338 -13.8388888889 
-58.8169014085 -13.5777777778 -55.3690140845 -13.5777777778 
-14.8056338028 34.3796296296 -14.8056338028 37.2518518519 
-62.3661971831 45.2592592593 -60.1352112676 45.2592592593 
-62.1633802817 -24.6314814815 -56.7887323944 -24.6314814815 
-22.8169014085 42.9962962963 -22.8169014085 45.1722222222 
-55.2676056338 -6.78888888889 -54.3549295775 -6.00555555556 
-26.8732394366 -24.6314814815 -24.8450704225 -24.6314814815 
-58.7154929577 -14.4481481481 -57.6 -14.4481481481 
71.1887323944 -9.31296296296 71.1887323944 -10.0092592593 
-25.4535211268 46.2166666667 -24.1352112676 46.2166666667 
-11.1549295775 33.9444444444 -11.1549295775 34.6407407407 
69.8704225352 18.8 69.8704225352 18.3648148148 
-71.1887323944 -28.4611111111 -71.1887323944 -27.8518518519 
-62.4676056338 37.0777777778 -60.6422535211 37.0777777778 
-71.6957746479 -0.609259259259 -71.6957746479 0.609259259259 
-42.5915492958 37.4259259259 -39.7521126761 37.4259259259 
-59.323943662 -12.6203703704 -59.323943662 -11.4888888889 
70.8845070423 -1.6537037037 70.8845070423 -2.61111111111 
23.9323943662 23.0648148148 24.9464788732 22.9777777778 
-24.4394366197 -46.912962963 -24.4394366197 -43.1703703704 
-16.4281690141 39.0796296296 -16.4281690141 38.4703703704 
56.4845070423 -25.0666666667 61.2507042254 -25.0666666667 
-70.8845070423 16.7981481481 -70.8845070423 18.6259259259 
27.9887323944 -24.1962962963 29.0028169014 -24.1962962963 
70.0732394366 12.5333333333 70.0732394366 11.662962963 
68.0450704225 -25.1537037037 68.8563380282 -25.1537037037 
-71.2901408451 -28.5481481481 -71.2901408451 -30.2018518519 
-66.2197183099 23.5 -63.2788732394 23.5 
71.3915492958 -13.7518518519 71.4929577465 -14.9703703704 
-28.6985915493 -23.8481481481 -25.0478873239 -23.8481481481 
22.9183098592 44.9111111111 22.9183098592 47.0 
-54.861971831 -6.96296296296 -54.1521126761 -6.3537037037 
-15.1098591549 38.6444444444 -15.1098591549 37.7740740741 
70.276056338 7.13703703704 70.276056338 6.70185185185 
-41.6788732394 36.7296296296 -38.6366197183 36.7296296296 
-46.4450704225 45.5203703704 -43.2 45.5203703704 
-13.2845070423 34.3796296296 -13.2845070423 34.9018518519 
-16.7323943662 28.287037037 -16.2253521127 28.287037037 
-12.7774647887 34.9018518519 -12.7774647887 35.337037037 
-60.9464788732 -8.09444444444 -60.0338028169 -8.18148148148 
-59.8309859155 36.4685185185 -59.1211267606 36.4685185185 
-11.0535211268 36.0333333333 -11.0535211268 35.25 
-48.5746478873 -15.4925925926 -48.2704225352 -15.0574074074 
-55.2676056338 -10.1833333333 -55.2676056338 -11.0537037037 
-55.2676056338 -11.3148148148 -55.2676056338 -12.9685185185 
25.1492957746 -24.8055555556 26.2647887324 -24.8055555556 
-16.9352112676 38.1222222222 -16.9352112676 40.1240740741 
-70.1746478873 28.3740740741 -70.1746478873 29.0703703704 
61.4535211268 22.4555555556 63.2788732394 22.4555555556 
-40.1577464789 45.5203703704 -39.6507042254 45.5203703704 
-31.8422535211 -24.5444444444 -30.4225352113 -24.5444444444 
61.1492957746 23.2388888889 63.076056338 23.2388888889 
24.7436619718 -31.0722222222 24.7436619718 -31.7685185185 
-26.1633802817 45.5203703704 -24.9464788732 45.5203703704 
28.9014084507 23.412962963 30.523943662 23.412962963 
-10.8507042254 33.8574074074 -10.8507042254 35.337037037 
-23.7295774648 -46.0425925926 -23.7295774648 -45.3462962963 
-37.4197183099 45.4333333333 -35.6957746479 45.4333333333 
-71.7971830986 -2.35 -71.7971830986 -1.04444444444 
26.5690140845 23.5 28.8 23.5 
-55.876056338 -7.7462962963 -55.3690140845 -7.31111111111 
-60.7436619718 -15.7537037037 -58.9183098592 -15.7537037037 
-69.0591549296 45.4333333333 -69.0591549296 46.0425925926 
-58.1070422535 36.5555555556 -57.4985915493 36.5555555556 
-58.9183098592 -9.57407407407 -58.2084507042 -9.57407407407 
-23.2225352113 29.2444444444 -23.2225352113 29.7666666667 
41.2732394366 -24.4574074074 41.7802816901 -24.4574074074 
-39.5492957746 45.4333333333 -37.8253521127 45.4333333333 
27.2788732394 -24.1962962963 27.8873239437 -24.1962962963 
-24.2366197183 -30.55 -24.2366197183 -30.0277777778 
70.1746478873 -24.9796296296 70.6816901408 -24.9796296296 
71.5943661972 -21.6722222222 71.5943661972 -20.8888888889 
-53.6450704225 37.2518518519 -51.2112676056 37.2518518519 
-15.0084507042 35.5981481481 -15.0084507042 36.1203703704 
-33.4647887324 36.8166666667 -32.1464788732 36.8166666667 
-71.5943661972 3.0462962963 -71.5943661972 3.48148148148 
-71.2901408451 7.39814814815 -71.2901408451 5.83148148148 
71.0873239437 -6.70185185185 71.0873239437 -7.39814814815 
-12.0676056338 33.9444444444 -11.4591549296 33.9444444444 
65.6112676056 23.3259259259 67.1323943662 23.3259259259 
23.7295774648 34.1185185185 23.7295774648 35.337037037 
-55.0647887324 -6.52777777778 -54.4563380282 -6.00555555556 
-60.7436619718 -7.05 -58.8169014085 -7.05 
-44.1126760563 36.6425925926 -41.7802816901 36.6425925926 
-55.5718309859 46.0425925926 -53.7464788732 46.0425925926 
69.9718309859 18.0166666667 69.9718309859 17.5814814815 
-16.6309859155 38.0351851852 -16.6309859155 38.5574074074 
-29.5098591549 45.5203703704 -28.6985915493 45.5203703704 
-14.4 35.5981481481 -14.4 36.1203703704 
67.2338028169 22.2814814815 69.4647887324 22.2814814815 
-49.4873239437 -23.9351851852 -43.2 -23.9351851852 
69.4647887324 23.0648148148 69.4647887324 22.6296296296 
-28.3943661972 46.2166666667 -26.3661971831 46.2166666667 
-50.7042253521 45.5203703704 -50.0957746479 45.4333333333 
-11.8647887324 33.5962962963 -11.1549295775 33.5962962963 
35.8985915493 -24.2833333333 37.3183098592 -24.2833333333 
-12.4732394366 33.6833333333 -11.9661971831 33.6833333333 
47.7633802817 23.3259259259 49.8929577465 23.3259259259 
-63.4816901408 36.9907407407 -62.5690140845 36.9907407407 
70.6816901408 4.09074074074 70.6816901408 2.69814814815 
-39.5492957746 -23.8481481481 -38.4338028169 -23.8481481481 
-70.8845070423 -23.9351851852 -69.9718309859 -23.9351851852 
-23.7295774648 -46.912962963 -23.7295774648 -46.3037037037 
65.2056338028 -25.2407407407 67.9436619718 -25.2407407407 
-70.1746478873 29.4185185185 -70.1746478873 30.0277777778 
-27.8873239437 45.5203703704 -26.2647887324 45.5203703704 
-58.3098591549 -15.6666666667 -57.9042253521 -15.2314814815 
70.276056338 9.66111111111 70.276056338 8.18148148148 
24.1352112676 -36.3814814815 24.1352112676 -33.6833333333 
23.8309859155 23.6740740741 23.8309859155 25.2407407407 
65.9154929577 -24.4574074074 67.7408450704 -24.4574074074 
-71.3915492958 4.7 -71.3915492958 5.74444444444 
67.8422535211 23.2388888889 69.3633802817 23.2388888889 
-67.6394366197 22.8907407407 -66.9295774648 22.8907407407 
-56.9915492958 -10.1833333333 -56.4845070423 -10.1833333333 
-41.3746478873 45.4333333333 -40.2591549296 45.4333333333 
38.9408450704 -24.3703703704 41.1718309859 -24.3703703704 
45.938028169 22.6296296296 47.5605633803 22.6296296296 
24.7436619718 -24.0222222222 26.1633802817 -24.0222222222 
-13.0816901408 37.7740740741 -11.8647887324 37.7740740741 
70.985915493 -4.0037037037 70.985915493 -4.87407407407 
-69.5661971831 37.0777777778 -69.5661971831 38.3833333333 
-54.9633802817 -24.0222222222 -54.3549295775 -24.0222222222 
-55.6732394366 -12.3592592593 -55.6732394366 -13.0555555556 
23.1211267606 23.2388888889 23.1211267606 24.9796296296 
-23.5267605634 -25.4148148148 -23.5267605634 -24.8925925926 
65.2056338028 -24.4574074074 65.814084507 -24.4574074074 
-24.0338028169 46.1296296296 -23.1211267606 46.1296296296 
-51.1098591549 -15.4925925926 -50.1971830986 -15.4925925926 
-70.5802816901 19.5833333333 -70.5802816901 20.6277777778 
24.8450704225 -32.9 24.8450704225 -33.7703703704 
-71.0873239437 14.3611111111 -71.0873239437 13.1425925926 
70.1746478873 13.4907407407 70.1746478873 12.7074074074 
-15.0084507042 36.2074074074 -15.0084507042 36.6425925926 
-23.1211267606 33.9444444444 -23.1211267606 34.5537037037 
-35.8985915493 46.1296296296 -34.6816901408 46.1296296296 
68.9577464789 -25.0666666667 69.4647887324 -25.0666666667 
